CONFIG_MODE
1548788816143600

FLOOR_SENSOR_MODE

FLOOR_REQUEST_MODE

ELEVATOR_BUTTON_HIT_MODE

ELEVATOR_DIRECTION_MODE
1548825703643400
1548827712003600
1548829717027800
1548832692144400
1548834701136900
1548834728238200
1548836707929000
1548839691355600
1548839731861900
1548841695917600
1548841710237800
1548843698613500
1548844733299700
1548846691244300
1548846713324900
1548848694507200
1548848701516700
1548849737260900
1548850696415400
1548851715395900
1548853706864600
1548854740923900
1548855700885800
1548856717200700
1548858710434000
1548859742497000
1548860706080000
1548861719113200
1548863712439100
1548864746359300
1548865707842700
1548866719997900
1548868713574300
1548869749842900
1548870710109200
1548871721044500
1548871752468200
1548873715051700
1548875712498700
1548876724083600
1548876772448500
1548878721337900
1548880715151700
1548881727686300
1548881774062900
1548883723002900
1548883729761100
1548883775489700
1548885718960100
1548888724450400
1548888731361300
1548888776998600
1548890724327200
1548892730196400
1548893759092300
1548893780012800
1548895785186500
1548897732895000
1548898763051800
1548899735420600
1548900787485000
1548903765152100
1548904736873600
1548905766177900
1548905790812900
1548909742199400
1548910767444200
1548910793330700
1548912797502700
1548915769210900
1548917774558000
1548917801091000
1548922778302500
1548922803371700
1548927782001600
1548927811052300
1548932785335300
1548932813297700
1548937789072500
1548937815399800
1548939793871200
1548942818137800
1548944795409500
1548947820238200
1548949798195900
1548952823950800
1548954802070800
1548957826422900
1548959804911300
1548962827095300
1548964809158600
1548967828966400
1548969814612700
1548972832575400
1548974816546800
1548979819708400
1548984821564300
1548989824550700
1548994826607300
1548999827966400
1549004829297800
1549009831067900
1549014833326700

ELEVATOR_DOOR_MODE
1548825701625300
1548825705431900
1548827714020700
1548832691457400
1548832692711000
1548834703320800
1548834730284500
1548839691043400
1548839692158100
1548839732286500
1548841696362400
1548841710703500
1548843699057700
1548846690766100
1548846691936600
1548846713597000
1548848695298500
1548848702865800
1548849739328800
1548850696662800
1548853696420700
1548853707324600
1548854741361900
1548855704087500
1548856718050900
1548858710798200
1548859742756600
1548860706406500
1548861719449300
1548863712790500
1548864747687700
1548865708571200
1548867700105300
1548868713880300
1548869750780300
1548870710543500
1548871721355800
1548871753684300
1548874697341300
1548875712699000
1548876724242700
1548876772722800
1548878721963000
1548881696355400
1548881728029400
1548881774237900
1548883723157200
1548883730167500
1548883775781200
1548888689137200
1548888724811300
1548888731891500
1548888777176100
1548890726241200
1548892731208100
1548893761738000
1548893780517900
1548895787119500
1548897733182200
1548898763520000
1548899736019200
1548900787736200
1548903765376600
1548904737510600
1548905766416900
1548905791837600
1548909742956100
1548910767726600
1548910793592200
1548912798396500
1548915769467400
1548917776121200
1548920693314300
1548922778462800
1548922806786400
1548927783624100
1548927812171800
1548932785858900
1548932813887400
1548937791089500
1548937815766800
1548939794524600
1548942818642100
1548944795699300
1548947820788400
1548949798834200
1548952825060700
1548954803367400
1548957826703500
1548959805163300
1548962827294800
1548964810348400
1548967829130500
1548969815855100
1548972833824100
1548974816892800
1548979820859100
1548984821757200
1548989825643300
1548994826835700
1548999828180900
1549004829441300
1549009831320900

SEND_DESTINATION_TO_ELEVATOR_MODE
1548821860544100
1548829719730800
1548836709202500
1548844733740700
1548851715650000
1548866720230500
1548873715699800
1548880715772800

TEARDOWN_MODE

CONFIG_CONFIRM_MODE

ERROR_MESSAGE_MODE
1548885720656500
1548917801746900

FIX_ERROR_MODE

FIX_DOOR_MODE

ALL_REQUESTS_FINISHED_MODE


