CONFIG_MODE

FLOOR_SENSOR_MODE

FLOOR_REQUEST_MODE

ELEVATOR_BUTTON_HIT_MODE

ELEVATOR_DIRECTION_MODE
1548825703303900
1548827711016200
1548829729450300
1548832691192100
1548834700845700
1548834747445700
1548836708113800
1548839691563000
1548839747858600
1548841697181100
1548841710631900
1548843698779800
1548844733711400
1548846691010600
1548846713442400
1548848695052000
1548848702539500
1548849737142100
1548850696440300
1548851715476000
1548853716237000
1548854740924300
1548855727049100
1548856717547800
1548858710841700
1548859760020400
1548860706129400
1548861719262000
1548863712670700
1548864746466100
1548865708276800
1548866720065200
1548868713627600
1548869750368200
1548870711533800
1548871721296700
1548871752533900
1548873715087700
1548875712691100
1548876724951300
1548876772718900
1548878731529100
1548880715574400
1548881727802300
1548881774268700
1548883730901600
1548883734925000
1548883775584400
1548885719065400
1548888724434800
1548888748807100
1548888776928100
1548890724593900
1548892730132600
1548893735078200
1548893793105900
1548895785894600
1548897733028700
1548898763231700
1548899735255100
1548900787511000
1548903765145800
1548904737124300
1548905766208600
1548905792238500
1548909741853700
1548910770121300
1548910793328800
1548912797249400
1548915769367200
1548917774810200
1548917801419900
1548922778484500
1548922804921500
1548927781932100
1548927811450900
1548932785588100
1548932813382300
1548937788299600
1548937834703100
1548939794198600
1548942818187200
1548944795433900
1548947820282100
1548949798064800
1548952823357500
1548954801967700
1548957826601900
1548959805064200
1548962827171800
1548964809320000
1548967829032000
1548969843875700
1548972833124500
1548974816513800
1548979819879900
1548984821741600
1548989836516100
1548994826509700
1548999827992400
1549004829312700
1549009831228000
1549014833132800

ELEVATOR_DOOR_MODE

SEND_DESTINATION_TO_ELEVATOR_MODE

TEARDOWN_MODE

CONFIG_CONFIRM_MODE

ERROR_MESSAGE_MODE

FIX_ERROR_MODE

FIX_DOOR_MODE

ALL_REQUESTS_FINISHED_MODE
1549014834872600


