CONFIG_MODE
1548821686026200

FLOOR_SENSOR_MODE
1548827707657200
1548829714288700
1548834695652300
1548834722325800
1548836705470000
1548839730584600
1548841694218400
1548841708951800
1548843697697500
1548844732390100
1548846712086300
1548848693491300
1548848700356400
1548849735333700
1548850695494100
1548851714691400
1548853704730000
1548854740343600
1548855698463400
1548856716141800
1548858709270700
1548859741806700
1548860705182700
1548861718401700
1548863711796500
1548864743520300
1548865706668800
1548866719360900
1548868712949400
1548869748816300
1548870709224600
1548871720459400
1548871751568700
1548873714054500
1548875711806600
1548876723179200
1548876771351500
1548878720305000
1548880713974100
1548881726913700
1548881773293900
1548883722154200
1548883729086200
1548883774925500
1548885716767600
1548888723551300
1548888730510900
1548888776354800
1548890721313300
1548890727250000
1548892727388300
1548893732669300
1548893778421700
1548895781964500
1548897732245400
1548898761867900
1548899733634500
1548900786563000
1548903764470800
1548904735891100
1548905765702900
1548905788046600
1548909738653300
1548910766840600
1548910792710500
1548911743202500
1548912794576100
1548915768677600
1548917771648200
1548917799608300
1548922777438100
1548922802591300
1548923194181100
1548927779644700
1548927809301300
1548932784549700
1548932812424400
1548937786218800
1548937813688200
1548939791987700
1548942816611200
1548944794894600
1548947819232300
1548949796865800
1548952821005000
1548954799483300
1548957825615800
1548959804358700
1548962826528200
1548964806847100
1548967828334200
1548969812066000
1548972829982900
1548974815643000
1548974833607400
1548979817546100
1548984821063200
1548989822850000
1548994825859400
1548999827420700
1549004828733300
1549009830462700
1549014831986500

FLOOR_REQUEST_MODE
1548825687335400
1548832689503500
1548839689605100
1548846689662700
1548853695084600
1548867695799000
1548874696494700
1548881695429700

ELEVATOR_BUTTON_HIT_MODE

ELEVATOR_DIRECTION_MODE

ELEVATOR_DOOR_MODE

SEND_DESTINATION_TO_ELEVATOR_MODE

TEARDOWN_MODE

CONFIG_CONFIRM_MODE
1548821854473800

ERROR_MESSAGE_MODE
1548888686742400
1548920690615100

FIX_ERROR_MODE

FIX_DOOR_MODE
1548923193963400

ALL_REQUESTS_FINISHED_MODE


