CONFIG_MODE

FLOOR_SENSOR_MODE

FLOOR_REQUEST_MODE

ELEVATOR_BUTTON_HIT_MODE

ELEVATOR_DIRECTION_MODE
14494100
19791800
9779400
3742200
12023400
9413800
11852100
3375700
3479700
3401800
4471400
2385700
11900200
2440500
2125000
2007800
1875300
4345900
920400
1700700
2088800
966100
1985600
1684600
1925700
1404000
1008900
1600800
1632200
3113100
1982700
1855000
1793000
3693500
1527500
2418700
944200
1702000
1629200
5531000
1156300
2322000
1773600
2819900
1250700
1095600
782600
737900
5121200
910700
1096900
1106400
4210800
3365200
4964200
1646200
5036400
1795500
1771900
2073600
1559200
1927400
1413400
1916900
3454100
3154000
761300
979200
18092000
1889800
4610900
1536100
1585700
3199200
4488000
2746600
1423700
1327300
5761100
1621100
2572700
1879400
1078200
1916100
1877600
4268200
3468100
2417100
1847400
1889900
2176100
1883900
3699700
3247000
1786300
3313700
958400
1193300
961400
1961900
1035100
1876400
1597100

ELEVATOR_DOOR_MODE

SEND_DESTINATION_TO_ELEVATOR_MODE

TEARDOWN_MODE

CONFIG_CONFIRM_MODE

ERROR_MESSAGE_MODE

FIX_ERROR_MODE

FIX_DOOR_MODE

ALL_REQUESTS_FINISHED_MODE
2000


