CONFIG_MODE
146583700

FLOOR_SENSOR_MODE
2335900
1989300
3953800
6020500
1860500
827500
1973900
727100
629200
876200
699400
710300
593300
1114600
554000
347500
1193200
297900
2771200
781300
796200
499000
646400
603000
538400
2052300
880900
343500
316700
1046700
634700
423700
642500
751800
600200
769500
1032500
671800
948800
556600
782300
593000
417100
418700
1416200
578000
800300
372000
2794600
203400
2074200
1605300
1168700
3243300
526700
860500
1079200
631500
326100
793600
298400
2464800
2697100
348000
392000
36400
1929400
432700
2303600
1215800
689600
1483100
20000
1582400
1616400
616000
620800
1482000
1314300
1401000
941900
301500
677100
788100
2301000
1530900
615300
301100
336700
1787800
397500
1318000
2565600
7595600
77100
1685000
335300
1486500
322200
279500
293800
403900
1129300

FLOOR_REQUEST_MODE
15383700
1289700
1487800
871500
475400
1990200
358900
382900

ELEVATOR_BUTTON_HIT_MODE

ELEVATOR_DIRECTION_MODE

ELEVATOR_DOOR_MODE

SEND_DESTINATION_TO_ELEVATOR_MODE

TEARDOWN_MODE

CONFIG_CONFIRM_MODE
2487500

ERROR_MESSAGE_MODE
1870800
825100

FIX_ERROR_MODE

FIX_DOOR_MODE
36600

ALL_REQUESTS_FINISHED_MODE


Finish Request Times: 
1548881773951300
1548910793055700
1548972832275300
1548937787571800
1549014832713400
1548915769022500
1548890723717400
1548909741051800

