CONFIG_MODE
33042009600

FLOOR_SENSOR_MODE

FLOOR_REQUEST_MODE

ELEVATOR_BUTTON_HIT_MODE

ELEVATOR_DIRECTION_MODE
122900
146900
844400
122700
384900
294200
177400
502500
170400
68100
85200
116300
136700
107800
90300
393200
1118200
550200
20500
17300
39800
94600
2873300
194000
16500
18200
103900
59300
155000
65400
204200
62400
111800
306300
92300
106800
250600
19400
15700
12100
53600
400400
173500
134600
17600
17200
131700
97700
558400
80400
137700
22600
582600
65000
83700
37500
402200
22200
48400
34700
26700
31000
214700
9700
51100
74000
110300
70700
80500
82700
398000
175200
17400
3132700
690600
777400
278400
193500
813500
25600
37600
48900
58700
89800
173600
66000
289900
118300
68600
54300
307900
12100
456700
80400
19000
355200
12100
421500
23100
96700
21300
115600
32400

ELEVATOR_DOOR_MODE
704700
2003895200
2001591600
58500
2005419800
22293600
1976481500
93200
39363800
1962958000
13619100
1987619200
1033942900
106900
21180900
1980630600
5755200
1033616400
956753700
1018377600
9170900
1033334200
959123900
1012706200
1991833800
1031369300
962984300
1012294600
1992752500
1032072900
959594400
1011084800
1013171600
1035582000
958986900
1010248000
30867800
1960983200
1014872500
1011175800
47921000
1948265500
1992785700
31036900
45739700
1948282400
6270800
45057600
1942266500
34846000
6224000
44794300
1945653000
2002487100
1002801400
17575800
2003564700
1945554800
1029351400
970982400
1051031400
2977058200
971030300
1028507600
23105600
3948312800
1024261400
25301900
2002500200
2970587000
2003824400
24454200
2084692600
24745400
4973947100
26820800
4972799000
27038400
4973460900
23442000
1977270200
3022809600
1976558300
3024084800
1976764300
3023326200
1975702700
3022846700
1977957000
3021705900
1980777800
3018365700
1984035200
3015620100
1982276500
5001893500
5000548000
5002190900
5000701200
5000886100
5000866300
5001381400
5001238500

SEND_DESTINATION_TO_ELEVATOR_MODE
3839729300
2970871700
2981343000
1956696300
1980363900
978269100
981413900
980288900

TEARDOWN_MODE

CONFIG_CONFIRM_MODE

ERROR_MESSAGE_MODE
2968267000
2890476400

FIX_ERROR_MODE

FIX_DOOR_MODE

ALL_REQUESTS_FINISHED_MODE


